1125	1006	24
3.063184976577759	147.87278747558594	-23.22206687927246	0.8449482917785645	0.7977589964866638	0.9233132188031129	21	0.07668678119688714	20	0.0	0	0.11068100482225418	0.1966913640499115	-0.9741982817649841	0.13037708401679993	0.968876302242279	0.2104293256998062	0.9852672815322876	-0.1503036618232727	0.0815921500325203
10.972184181213379	144.74905395507812	-22.199460983276367	0.8357218503952026	0.8382697701454163	0.9027375453648181	21	0.09726245463518189	20	0.0	0	0.4160100817680359	0.06130301207304001	-0.9072914123535156	0.11352787166833878	0.9864181280136108	0.11870400607585907	0.9022455811500549	-0.1523849219083786	0.4034003019332886
2.934063196182251	139.07522583007812	-23.534955978393555	0.8026764988899231	0.8035265207290649	0.8722667564113922	21	0.12773324358860785	20	0.0	0	0.06641646474599838	-0.1591200977563858	-0.9850226640701294	0.16755887866020203	0.9749618172645569	-0.14619700610637665	0.9836223721504211	-0.15533940494060516	0.09141550213098526
-5.861161231994629	146.91119384765625	-23.258644104003906	0.8335869312286377	0.755746066570282	0.9340587854385376	21	0.0659412145614624	20	0.0	0	-0.12599888443946838	0.15061093866825104	-0.980530858039856	0.1702888309955597	0.9770205020904541	0.12818953394889832	0.9773054718971252	-0.15082170069217682	-0.14875085651874542
-11.73255729675293	139.91896057128906	-21.610090255737305	0.7945612668991089	0.7323315143585205	0.9217782341903974	21	0.07822176580960256	20	0.0	0	-0.35981762409210205	-0.1403137743473053	-0.9224117398262024	0.1344176083803177	0.9705182313919067	-0.20006564259529114	0.9232893586158752	-0.19597552716732025	-0.330348938703537
-5.782254219055176	131.92787170410156	-20.8776912689209	0.759498655796051	0.7675175666809082	0.8456536187426335	21	0.15434638125736658	20	0.0	0	-0.16611254215240479	-0.4086802005767822	-0.8974336385726929	0.1327182948589325	0.8925318121910095	-0.431013822555542	0.9771348834037781	-0.1907026767730713	-0.09402139484882355
1.518066644668579	153.9376678466797	-21.3700008392334	0.8744125962257385	0.7859491109848022	0.9520267872794397	21	0.04797321272056027	20	0.0	0	0.04540746286511421	0.4272853434085846	-0.9029759168624878	0.13393449783325195	0.8931432962417603	0.42936766147613525	0.9899494051933289	-0.14043612778186798	-0.016672875732183456
-11.477503776550293	148.4027099609375	-21.576168060302734	0.8366775512695312	0.7269055247306824	0.953806270430167	21	0.046193729569833024	20	0.0	0	-0.4031864404678345	0.19270090758800507	-0.8945988416671753	0.1851959526538849	0.9745317101478577	0.12645293772220612	0.8961825370788574	-0.11469197273254395	-0.4286053776741028
12.241259574890137	153.30023193359375	-19.2872314453125	0.8807324767112732	0.8413593173027039	0.9464266437905045	21	0.05357335620949555	20	0.0	0	0.30168259143829346	0.33459317684173584	-0.8927682638168335	0.08796802908182144	0.9226333498954773	0.3755120635032654	0.9493415355682373	-0.19182053208351135	0.24890892207622528
-9.711867332458496	156.3124237060547	-19.269161224365234	0.87958163022995	0.7269362807273865	0.9748711673610049	21	0.02512883263899514	20	0.0	0	-0.24869492650032043	0.45678719878196716	-0.854105532169342	0.20012225210666656	0.8870159983634949	0.4161173701286316	0.9476824402809143	-0.0674392580986023	-0.31200969219207764
5.94282341003418	130.59042358398438	-20.1008358001709	0.7620251178741455	0.8266023397445679	0.7940399169033754	21	0.20596008309662467	20	0.0	0	0.17320117354393005	-0.4555094242095947	-0.8732197284698486	0.21813836693763733	0.8823414444923401	-0.4170003831386566	0.9604254961013794	-0.11825776845216751	0.25218665599823
13.999807357788086	136.16664123535156	-19.407318115234375	0.7956159710884094	0.8618351221084595	0.8525008344278112	21	0.14749916557218876	20	0.0	0	0.4982188642024994	-0.26829856634140015	-0.8244961500167847	0.19758711755275726	0.9610317945480347	-0.19333238899707794	0.8442378044128418	-0.06658796966075897	0.5318164825439453
-16.837726593017578	146.49192810058594	-18.60867691040039	0.8231341242790222	0.6981471180915833	0.9641767216039949	21	0.03582327839600502	20	0.0	0	-0.5357828736305237	0.07082561403512955	-0.8413801789283752	0.1459028422832489	0.9892520308494568	-0.00963638722896576	0.83165442943573	-0.12792275846004486	-0.5403578877449036
-2.209451913833618	127.10874938964844	-18.5400447845459	0.735794723033905	0.7896914482116699	0.7757258068445709	21	0.22427419315542907	20	0.0	0	-0.04259870946407318	-0.537973165512085	-0.8418848514556885	0.16900195181369781	0.8266265988349915	-0.5367743372917175	0.9846946597099304	-0.16514606773853302	0.05570528283715248
-18.138771057128906	154.32717895507812	-15.249130249023438	0.863386869430542	0.6811594367027283	0.9859262300834487	21	0.014073769916551303	20	0.0	0	-0.4935154318809509	0.3591339588165283	-0.7921270728111267	0.2581363320350647	0.9302098155021667	0.26091229915618896	0.8305468559265137	-0.07571253925561905	-0.5517784357070923
5.212640762329102	159.36343383789062	-17.26007652282715	0.9094367623329163	0.8011571764945984	0.9699236299086158	21	0.030076370091384204	20	0.0	0	0.1297006607055664	0.5410991311073303	-0.83089679479599	0.11208882182836533	0.824602484703064	0.5544968843460083	0.9851974248886108	-0.1650528758764267	0.04630032926797867
17.746896743774414	149.5168914794922	-16.37234115600586	0.8662286400794983	0.8767955303192139	0.9385319352149963	21	0.06146806478500366	20	0.0	0	0.5822383761405945	0.14933280646800995	-0.7991859912872314	0.08236061036586761	0.967096209526062	0.2407107949256897	0.8088356256484985	-0.20597249269485474	0.5507813692092896
-3.204253673553467	158.4713592529297	-18.56023406982422	0.8961198925971985	0.7582090497016907	0.973012127585438	21	0.026987872414561978	20	0.0	0	-0.052698977291584015	0.5923981666564941	-0.8039199113845825	0.14071297645568848	0.8014115691184998	0.5813256502151489	0.988646924495697	-0.08248669654130936	-0.1255916804075241
-12.7770414352417	131.35983276367188	-17.979101181030273	0.7478393912315369	0.7314011454582214	0.8829953074455261	21	0.11700469255447388	20	0.0	0	-0.4298049807548523	-0.3662843406200409	-0.8252899050712585	0.09086830168962479	0.8918342590332031	-0.44314196705818176	0.898337721824646	-0.26545730233192444	-0.35003116726875305
18.524194717407227	142.96420288085938	-16.663619995117188	0.8325390219688416	0.8848362565040588	0.9089877280291238	21	0.09101227197087622	20	0.0	0	0.6484865546226501	-0.061007365584373474	-0.7587776184082031	0.1325960010290146	0.9905979037284851	0.03367648646235466	0.7495889663696289	-0.12244962900876999	0.6504787802696228
12.602762222290039	128.90403747558594	-16.46657371520996	0.7559555172920227	0.8651221990585327	0.7899178627157848	21	0.21008213728421518	20	0.0	0	0.4094967842102051	-0.5324670076370239	-0.7408045530319214	0.26299554109573364	0.8464347720146179	-0.46301373839378357	0.873582124710083	-0.005225658416748047	0.48664870858192444
-16.805313110351562	138.71505737304688	-18.02887535095215	0.7819586396217346	0.7042136788368225	0.9401226955615671	21	0.05987730443843292	20	0.0	0	-0.5491065979003906	-0.22170376777648926	-0.805809736251831	0.08897591382265091	0.9431856870651245	-0.3201315104961395	0.8310025930404663	-0.2474839836359024	-0.49818316102027893
-11.35094928741455	126.86731719970703	-15.59593391418457	0.7225398421287537	0.7414267659187317	0.8461591475284227	21	0.15384085247157733	20	0.0	0	-0.265719473361969	-0.5406540632247925	-0.7981768846511841	0.09448413550853729	0.8093500137329102	-0.5796769261360168	0.9594091773033142	-0.22944650053977966	-0.16397681832313538
4.751948356628418	124.24363708496094	-15.474250793457031	0.7235145568847656	0.8308325409889221	0.7118168048967836	21	0.28818319510321644	20	0.0	0	0.2307111918926239	-0.6318051218986511	-0.7399963736534119	0.2584049105644226	0.7729885578155518	-0.5794097781181335	0.9380828142166138	-0.05754237622022629	0.34159865975379944
-19.671934127807617	136.55250549316406	-13.407511711120605	0.8228734135627747	0.45187869668006897	0.9533333715051434	21	0.04666662849485661	20	0.0	0	-0.8771938681602478	-0.07430480420589447	-0.4743518829345703	-0.4090845584869385	-0.4015428423881531	0.8193981647491455	-0.2513578236103058	0.9128210544586182	0.3218339681625366
-16.837726593017578	146.49192810058594	-18.60867691040039	0.7766079902648926	0.48636239767074585	0.9641767216039949	21	0.03582327839600502	20	0.0	0	-0.8025971055030823	0.0037011168897151947	-0.5965099930763245	-0.5565097332000732	-0.3647097647190094	0.7465143799781799	-0.21479007601737976	0.9311139583587646	0.29477471113204956
-16.805313110351562	138.71505737304688	-18.02887535095215	0.7931945323944092	0.45189619064331055	0.9401226955615671	21	0.05987730443843292	20	0.0	0	-0.8396487236022949	-0.043860387057065964	-0.5413560271263123	-0.4899590015411377	-0.36894387006759644	0.7898231148719788	-0.23437194526195526	0.9284162521362305	0.2882934510707855
19.109403610229492	133.83465576171875	-12.752161026000977	0.7840192914009094	0.9029777646064758	0.8654785365397393	21	0.13452146346026078	20	0.0	0	0.6990211009979248	-0.3089313507080078	-0.6449270844459534	0.22011485695838928	0.951034665107727	-0.21698497235774994	0.6803814768791199	0.009719043970108032	0.7327936887741089
-16.2898006439209	131.88233947753906	-15.606385231018066	0.7451614141464233	0.7100182771682739	0.9119993840456146	21	0.08800061595438534	20	0.0	0	-0.5630909204483032	-0.31356531381607056	-0.7645949125289917	0.059413060545921326	0.9074623584747314	-0.41591134667396545	0.8242564797401428	-0.2796228229999542	-0.4923539459705353
-16.547067642211914	160.48583984375	-12.332914352416992	0.8977131247520447	0.6762303709983826	0.99319096541272	21	0.006809034587279953	20	0.0	0	-0.46759262681007385	0.4741100072860718	-0.7460408210754395	0.34320905804634094	0.8751530647277832	0.34104952216148376	0.8145948648452759	-0.09657572209835052	-0.571933925151825
-1.440125823020935	121.29986572265625	-12.171822547912598	0.518460750579834	0.8229765892028809	0.6476453139676247	21	0.3523546860323753	20	0.0	0	-0.04440091922879219	-0.8565142154693604	-0.514210045337677	-0.1363394558429718	-0.5047065615653992	0.8524569272994995	-0.9896666407585144	0.10795699059963226	-0.09436725080013275
-11.35094928741455	126.86731719970703	-15.59593391418457	0.5029512047767639	0.8782896399497986	0.8461591475284227	21	0.15384085247157733	20	0.0	0	-0.42211058735847473	-0.6792136430740356	-0.6004095077514648	-0.18598401546478271	-0.5833349227905273	0.7906518578529358	-0.8872612714767456	0.44540902972221375	0.11990895867347717
-2.209451913833618	127.10874938964844	-18.5400447845459	0.4783632457256317	0.8346028327941895	0.7757258068445709	21	0.22427419315542907	20	0.0	0	-0.09899666160345078	-0.7411271333694458	-0.6640258431434631	-0.17283381521701813	-0.6443552374839783	0.7449395060539246	-0.9799633026123047	0.1885126233100891	-0.06430280208587646
-10.860941886901855	163.00274658203125	-12.17961597442627	0.926740288734436	0.7134593725204468	0.9924497220910561	21	0.0075502779089439585	20	0.0	0	-0.1586347371339798	0.7051151394844055	-0.6911205649375916	0.15402740240097046	0.7090876698493958	0.6880917549133301	0.9752489924430847	0.002703748643398285	-0.22109299898147583
-20.505552291870117	147.55484008789062	-13.956232070922852	0.8019859194755554	0.5015928745269775	0.9803549969469664	21	0.019645003053033638	20	0.0	0	-0.9030472636222839	0.03480776771903038	-0.42812854051589966	-0.4058550298213959	-0.39554911851882935	0.8239069581031799	-0.14066751301288605	0.9177850484848022	0.3713264465332031
-18.138771057128906	154.32717895507812	-15.249130249023438	0.7784487009048462	0.5278999209403992	0.9859262300834487	21	0.014073769916551303	20	0.0	0	-0.8407783508300781	0.2615968585014343	-0.4739821255207062	-0.5411781668663025	-0.38223615288734436	0.7490138411521912	0.01476656086742878	0.886263370513916	0.46294641494750977
-12.7770414352417	131.35983276367188	-17.979101181030273	0.4843389689922333	0.8937835693359375	0.8829953074455261	21	0.11700469255447388	20	0.0	0	-0.529235303401947	-0.5225886106491089	-0.6684393286705017	-0.29750099778175354	-0.623504638671875	0.7230042219161987	-0.7946088314056396	0.5815007090568542	0.17451003193855286
-16.2898006439209	131.88233947753906	-15.606385231018066	0.49766573309898376	0.9101126194000244	0.9119993840456146	21	0.08800061595438534	20	0.0	0	-0.6897563338279724	-0.45617449283599854	-0.5622642040252686	-0.20879903435707092	-0.618249773979187	0.7577402591705322	-0.6932814717292786	0.6400563716888428	0.33119291067123413
18.19226837158203	154.60826110839844	-12.089193344116211	0.11073299497365952	0.7915477752685547	0.9650118207184699	21	0.03498817928153009	20	0.0	0	0.6520010828971863	0.6217056512832642	-0.43402379751205444	0.4358326196670532	0.16110660135746002	0.8854911923408508	0.6204389929771423	-0.7665029168128967	-0.16591793298721313
17.746896743774414	149.5168914794922	-16.37234115600586	0.09682708978652954	0.8206353187561035	0.9385319352149963	21	0.06146806478500366	20	0.0	0	0.6413169503211975	0.46031394600868225	-0.6138595938682556	0.7040513753890991	-0.03501644358038902	0.7092851996421814	0.3049986958503723	-0.8870654106140137	-0.3465413451194763
12.241259574890137	153.30023193359375	-19.2872314453125	0.06961066275835037	0.8006719350814819	0.9464266437905045	21	0.05357335620949555	20	0.0	0	0.5280694961547852	0.5696699023246765	-0.6297768950462341	0.7688918709754944	-0.005932739935815334	0.6393512487411499	0.3604828119277954	-0.8218521475791931	-0.44114741683006287
11.282234191894531	159.1400909423828	-14.270176887512207	0.08892834186553955	0.7664946913719177	0.9713899854047786	21	0.028610014595221375	20	0.0	0	0.4525166153907776	0.7335183024406433	-0.507128894329071	0.7506179213523865	-0.006275957450270653	0.6607067584991455	0.48145774006843567	-0.6796407103538513	-0.5534319281578064
5.212640762329102	159.36343383789062	-17.26007652282715	0.05773749202489853	0.7632666230201721	0.9699236299086158	21	0.030076370091384204	20	0.0	0	0.2240937352180481	0.7445905804634094	-0.6287820339202881	0.8949659466743469	0.09816201776266098	0.43520137667655945	0.3857693672180176	-0.6602644324302673	-0.6443856954574585
15.596821784973145	157.66323852539062	-9.986498832702637	0.11962483823299408	0.7746250033378601	0.9770042140932775	21	0.02299578590672251	20	0.0	0	0.6231130361557007	0.7002341747283936	-0.3484281897544861	0.324934184551239	0.17345738410949707	0.9296936392784119	0.7114407420158386	-0.6925204992294312	-0.11944647878408432
-10.860941886901855	163.00274658203125	-12.17961597442627	0.7537785172462463	0.5844628214836121	0.9924497220910561	21	0.0075502779089439585	20	0.0	0	-0.28699541091918945	0.8416814208030701	-0.4573904573917389	-0.7489232420921326	0.10056614130735397	0.654981255531311	0.5972835421562195	0.5305269360542297	0.6014927625656128
-9.711867332458496	156.3124237060547	-19.269161224365234	0.7225398421287537	0.5472774505615234	0.9748711673610049	21	0.02512883263899514	20	0.0	0	-0.2803897559642792	0.6750146150588989	-0.682449221611023	-0.8085920810699463	0.21702775359153748	0.5468800663948059	0.5172624588012695	0.7051625847816467	0.48495912551879883
-16.547067642211914	160.48583984375	-12.332914352416992	0.773830235004425	0.5609050989151001	0.99319096541272	21	0.006809034587279953	20	0.0	0	-0.6307748556137085	0.68438321352005	-0.3657086193561554	-0.6373890042304993	-0.18818071484565735	0.7472103238105774	0.4425588548183441	0.7044201493263245	0.5549179911613464
12.174039840698242	124.06482696533203	-11.619295120239258	0.7225399017333984	0.8731273412704468	0.7390207428031939	21	0.26097925719680615	20	0.0	0	0.32326361536979675	-0.6838411092758179	-0.6541115641593933	0.278288334608078	0.7293568253517151	-0.6249754428863525	0.904464602470398	0.02000020258128643	0.42607951164245605
-16.805313110351562	138.71505737304688	-18.02887535095215	0.46861594915390015	0.9277719855308533	0.9401226955615671	21	0.05987730443843292	20	0.0	0	-0.7574010491371155	-0.2682105600833893	-0.5953208804130554	-0.26686111092567444	-0.7049634456634521	0.6571238040924072	-0.5959270000457764	0.6565741896629333	0.462365061044693
-19.671934127807617	136.55250549316406	-13.407511711120605	0.49576637148857117	0.9394309520721436	0.9533333715051434	21	0.04666662849485661	20	0.0	0	-0.8634176254272461	-0.32960930466651917	-0.3819262385368347	-0.11808834224939346	-0.6039772629737854	0.7882047295570374	-0.4904743432998657	0.7256509065628052	0.4825615882873535
-10.311779975891113	122.6444091796875	-10.512463569641113	0.5320505499839783	0.8672540783882141	0.7844260697237828	21	0.21557393027621716	20	0.0	0	-0.3926008641719818	-0.8383991122245789	-0.3780892491340637	-0.10438675433397293	-0.36781957745552063	0.9240195751190186	-0.9137657880783081	0.4022383987903595	0.05688852816820145
1.481490969657898	162.89187622070312	-13.55974292755127	0.05336582288146019	0.7353403568267822	0.9837356998730723	21	0.016264300126927714	20	0.0	0	0.09539452940225601	0.8394650220870972	-0.5349752902984619	0.9117072820663452	0.14206558465957642	0.3854962885379791	0.399612158536911	-0.5245150327682495	-0.7517940402030945
-3.204253673553467	158.4713592529297	-18.56023406982422	0.019532108679413795	0.7569740414619446	0.973012127585438	21	0.026987872414561978	20	0.0	0	-0.018497508019208908	0.7576262354850769	-0.652426540851593	0.933228611946106	0.24725797772407532	0.2606680393218994	0.3588066101074219	-0.6040413975715637	-0.7116121053695679
-10.860941886901855	163.00274658203125	-12.17961597442627	0.0007338251452893019	0.7081102728843689	0.9924497220910561	21	0.0075502779089439585	20	0.0	0	-0.05549745261669159	0.8250138163566589	-0.562380850315094	0.9241302013397217	0.2556942403316498	0.283907949924469	0.37802550196647644	-0.5039569735527039	-0.7766105532646179
4.751948356628418	124.24363708496094	-15.474250793457031	0.4936368465423584	0.7943354249000549	0.7118168048967836	21	0.28818319510321644	20	0.0	0	0.12848807871341705	-0.8339149355888367	-0.5367279052734375	-0.12266653031110764	-0.550421953201294	0.8258260488510132	-0.9840954542160034	-0.04027025029063225	-0.17301611602306366
-16.4498291015625	126.90798950195312	-10.090206146240234	0.5337151288986206	0.9040571451187134	0.906254979781658	21	0.09374502021834194	20	0.0	0	-0.7437019944190979	-0.5761849284172058	-0.33899611234664917	-0.07957451045513153	-0.4271870255470276	0.9006548523902893	-0.6637584567070007	0.6967942714691162	0.27185022830963135
9.534811973571777	67.64185333251953	-11.57318115234375	0.5479741096496582	0.33486756682395935	0.7767889489060752	1	0.1734323745113454	0	0.04977867658257936	5	0.4517231285572052	-0.07911001145839691	-0.8886438012123108	0.711495578289032	0.6328874826431274	0.30533188581466675	0.5382567644119263	-0.7701916694641113	0.3421763479709625
3.512660026550293	64.53742980957031	-12.581499099731445	0.5155094861984253	0.3274550437927246	0.6245946300837167	1	0.2689956403152112	5	0.10640972960107203	0	0.2046842873096466	-0.4745723009109497	-0.856087327003479	0.7976013422012329	0.5878443717956543	-0.13517102599143982	0.5673945546150208	-0.655148983001709	0.4988420009613037
-1.7618529796600342	68.76882934570312	-13.620265007019043	0.5091157555580139	0.29459598660469055	0.48482288225046766	5	0.32313652257994785	1	0.19204059516958452	0	-0.05309629440307617	-0.04359268397092819	-0.9976374506950378	0.7666895985603333	0.6383321285247803	-0.06869728863239288	0.6398187279701233	-0.7685258388519287	-0.00047101458767428994
-1.0918073654174805	62.09163284301758	-11.247394561767578	0.4887559115886688	0.3231015205383301	0.5426053573287316	5	0.41606128132097997	1	0.04133336135028839	0	-0.02249867282807827	-0.4832168221473694	-0.8752115964889526	0.7482238411903381	0.5724772810935974	-0.33530712127685547	0.6630647778511047	-0.6623981595039368	0.34867438673973083
4.1586833000183105	83.68746185302734	-11.233617782592773	0.5790015459060669	0.2568373382091522	0.6303511246971182	0	0.1902963152696647	13	0.1793525600332171	9	0.2657999098300934	0.05259563401341438	-0.962592363357544	0.7227204442024231	0.6499340534210205	0.23507635295391083	0.6379855275154114	-0.7581684589385986	0.13474047183990479
-3.9721624851226807	82.60761260986328	-11.408827781677246	0.5434579849243164	0.23326542973518372	0.6808212535250497	0	0.18756381939996056	17	0.1316149270749897	9	-0.22359901666641235	0.07490314543247223	-0.971798837184906	0.7299190759658813	0.6736143231391907	-0.1160254254937172	0.6459269523620605	-0.7352776527404785	-0.205292746424675
-8.835908889770508	70.58697509765625	-11.646876335144043	0.4873694181442261	0.26484930515289307	0.7259249236143741	5	0.18758127100513913	0	0.08649380538048675	18	-0.4011036455631256	0.06328174471855164	-0.9138443470001221	0.7187601923942566	0.6402065753936768	-0.2711446285247803	0.5678905844688416	-0.7655919194221497	-0.30227354168891907
19.109403610229492	133.83465576171875	-12.752161026000977	0.26832568645477295	0.1975150853395462	0.8654785365397393	21	0.13452146346026078	20	0.0	0	0.8811008334159851	-0.349597305059433	-0.31850120425224304	0.39537912607192993	0.17499682307243347	0.9016936421394348	-0.25949299335479736	-0.9204118251800537	0.2924133539199829
12.174039840698242	124.06482696533203	-11.619295120239258	0.2315223067998886	0.23014146089553833	0.7390207428031939	21	0.26097925719680615	20	0.0	0	0.671951174736023	-0.6602574586868286	-0.3354724943637848	0.7379470467567444	0.5586428046226501	0.3786190152168274	-0.06257672607898712	-0.50197434425354	0.862615704536438
12.602762222290039	128.90403747558594	-16.46657371520996	0.2284536361694336	0.1993262618780136	0.7899178627157848	21	0.21008213728421518	20	0.0	0	0.6871188879013062	-0.5436573624610901	-0.4819796085357666	0.726508378982544	0.5207937955856323	0.4482850134372711	0.0072985440492630005	-0.6581873297691345	0.7528188824653625
0.10047555714845657	84.38397979736328	-11.654720306396484	0.5650104880332947	0.24069353938102722	0.6508113288888739	0	0.20372293572764477	9	0.14546573538348131	17	0.008593832142651081	0.06991495192050934	-0.9975159168243408	0.7386205196380615	0.671998143196106	0.053463105112314224	0.6740667223930359	-0.7372451424598694	-0.045865580439567566
-9.314933776855469	65.4897689819336	-11.098732948303223	0.46861594915390015	0.2824622690677643	0.8975247124271313	5	0.053057679226107914	0	0.04941760834676077	18	-0.3297223746776581	-0.15780754387378693	-0.9307953119277954	0.6988993287086487	0.6220185160636902	-0.35303351283073425	0.6346833109855652	-0.7669352889060974	-0.09480185061693192
10.767172813415527	83.18292236328125	-8.337775230407715	0.6058417558670044	0.28161361813545227	0.5194933250428794	0	0.34881031107645044	13	0.13169636388067016	1	0.5831894278526306	0.08519351482391357	-0.8078566193580627	0.5906578302383423	0.6382636427879333	0.493703156709671	0.5576857924461365	-0.7650892734527588	0.3219083845615387
12.174039840698242	124.06482696533203	-11.619295120239258	0.5088952779769897	0.7539088726043701	0.7390207428031939	21	0.26097925719680615	20	0.0	0	0.2964926064014435	-0.8750320672988892	-0.3826371729373932	-0.10233304649591446	-0.4274539351463318	0.8982266783714294	-0.9495368003845215	-0.22716112434864044	-0.21628160774707794
6.263767242431641	119.79408264160156	-6.432293891906738	0.5426119565963745	0.7815799117088318	0.5696250133295396	21	0.4302688190414162	20	0.00010616762904416181	11	0.223711758852005	-0.9194819927215576	-0.3232736885547638	-0.0965426117181778	-0.3509538173675537	0.9314026832580566	-0.9698622226715088	-0.17715606093406677	-0.16728170216083527
-22.399072647094727	138.12835693359375	-3.7527146339416504	0.8671141266822815	0.479655385017395	0.9964821139123613	21	0.0035178860876387444	20	0.0	0	-0.913425087928772	0.33463552594184875	-0.23167569935321808	-0.3228694200515747	-0.24918200075626373	0.9130518436431885	0.24781015515327454	0.9088054895401001	0.3356526792049408
-5.015496730804443	165.51405334472656	-8.328022003173828	0.03772822394967079	0.6992654204368591	0.9948985567363924	21	0.005101443263607618	20	0.0	0	-0.006793975830078125	0.9552250504493713	-0.29580217599868774	0.9263355731964111	0.11742750555276871	0.3579291105270386	0.37663817405700684	-0.2715803384780884	-0.8856567740440369
-11.490693092346191	69.62804412841797	-9.970169067382812	0.47255653142929077	0.25844791531562805	0.7780772952768881	5	0.12130711526190713	0	0.10061558946120477	18	-0.5537304282188416	0.08621044456958771	-0.8282212615013123	0.6666526794433594	0.6418823003768921	-0.37889501452445984	0.49895578622817993	-0.7619415521621704	-0.4129021167755127
-8.626026153564453	80.8591537475586	-9.891837120056152	0.5192241668701172	0.22383849322795868	0.581200550234097	0	0.2163593545098749	5	0.20244009525602813	17	-0.49327442049980164	0.11080379784107208	-0.8627877831459045	0.6948838233947754	0.6468456983566284	-0.3142087161540985	0.5232750773429871	-0.7545284628868103	-0.3960682451725006
1.5220507383346558	96.31717681884766	-11.452269554138184	0.60882568359375	0.20210489630699158	0.39041693906670794	13	0.34981544373486934	12	0.25976761719842273	17	0.042799871414899826	0.06309964507818222	-0.9970890879631042	0.7499034404754639	0.6574187278747559	0.07379346340894699	0.6601613759994507	-0.7508788704872131	-0.019181204959750175
-5.302256107330322	100.48082733154297	-10.869098663330078	0.5970562100410461	0.16508471965789795	0.49049123218617374	16	0.38461068467776865	17	0.12489808313605759	12	-0.21123018860816956	0.1150302141904831	-0.9706441164016724	0.7131636738777161	0.6972311735153198	-0.07256937772035599	0.6684156060218811	-0.7075569033622742	-0.22931164503097534
6.834539413452148	99.45160675048828	-10.359960556030273	0.639398455619812	0.20727546513080597	0.44683079432236544	12	0.43927893161522436	13	0.11389027406241016	11	0.34293651580810547	0.10910100489854813	-0.9330013394355774	0.7252231240272522	0.6005212664604187	0.33678728342056274	0.5970309972763062	-0.7921308279037476	0.12681810557842255
-23.4466552734375	148.88333129882812	-4.973610877990723	0.8417830467224121	0.5268155336380005	0.9973035369549828	21	0.0026964630450172977	20	0.0	0	-0.9971247315406799	0.0048978510312736034	-0.07561903446912766	-0.06985459476709366	-0.44617554545402527	0.8922150731086731	-0.029369432479143143	0.8949321508407593	0.44523486495018005
8.214228630065918	164.7577362060547	-6.839139938354492	0.10127677768468857	0.7214850187301636	0.9921743333841568	21	0.007825666615843154	20	0.0	0	0.2660050690174103	0.9023976922035217	-0.33899807929992676	0.8153609037399292	-0.023029260337352753	0.5784947872161865	0.5142254829406738	-0.43028831481933594	-0.7419057488441467
-8.729820251464844	86.6816635131836	-9.55184555053711	0.5372428297996521	0.199663907289505	0.48457083758564723	17	0.407296990433255	0	0.10813217198109773	9	-0.5237016677856445	0.025203600525856018	-0.8515288233757019	0.6320794820785522	0.6816433072090149	-0.3685620129108429	0.5711498260498047	-0.7312504053115845	-0.37290841341018677
10.130678176879883	89.50110626220703	-8.531805038452148	0.623533308506012	0.2558479905128479	0.6137847024508922	13	0.22395544430217001	0	0.16225985324693776	9	0.5914750099182129	0.035887688398361206	-0.8055243492126465	0.600068986415863	0.647699236869812	0.46947091817855835	0.5385857224464417	-0.7610504627227783	0.3615628182888031
12.861007690429688	161.86607360839844	-7.968376636505127	0.11762527376413345	0.7475889325141907	0.9871723072679198	21	0.01282769273208022	20	0.0	0	0.6172927021980286	0.7088397145271301	-0.34131506085395813	0.5458378791809082	-0.07344059646129608	0.8346661329269409	0.5665780901908875	-0.7015359997749329	-0.4322458505630493
11.14395809173584	63.353485107421875	-7.965325832366943	0.5429969429969788	0.3635437786579132	0.9307878037859634	1	0.05209983389982858	0	0.017112362314208006	14	0.48692578077316284	-0.27590128779411316	-0.8287230134010315	0.7499792575836182	0.6183919906616211	0.23478180170059204	0.44769906997680664	-0.7358463406562805	0.5080312490463257
-3.174232006072998	105.41633605957031	-10.324713706970215	0.621160626411438	0.15425372123718262	0.6438166016294729	16	0.20021920265324866	12	0.15596419571727851	20	-0.18306964635849	0.3227004110813141	-0.9286279678344727	0.7472243309020996	0.6595093011856079	0.08187331259250641	0.6388593912124634	-0.6789049506187439	-0.361865758895874
7.4928998947143555	108.29766082763672	-7.949248790740967	0.6710131764411926	0.1745195835828781	0.7337528356901591	12	0.16273008246541698	20	0.1035170818444239	11	0.23809842765331268	0.30379849672317505	-0.9225050806999207	0.7454870343208313	0.5516473054885864	0.37407809495925903	0.6225417852401733	-0.7767830491065979	-0.09513148665428162
-20.850587844848633	133.22447204589844	-5.236105442047119	0.5420386791229248	0.9485121965408325	0.988545433436774	21	0.01145456656322594	20	0.0	0	-0.9020956158638	-0.3548986613750458	-0.2455003708600998	-0.04351319745182991	-0.4911920130252838	0.8699638843536377	-0.4293368458747864	0.7954731583595276	0.42765939235687256
17.746896743774414	149.5168914794922	-16.37234115600586	0.2245887666940689	0.1361972689628601	0.9385319352149963	21	0.06146806478500366	20	0.0	0	0.8791213035583496	0.19889827072620392	-0.43311116099357605	0.475669264793396	-0.3094586730003357	0.823391854763031	0.029741209000349045	-0.9298788905143738	-0.3666614890098572
22.252422332763672	147.88499450683594	-7.975461959838867	0.27211079001426697	0.12934152781963348	0.9616221153675686	21	0.0383778846324314	20	0.0	0	0.9595670104026794	0.07362651079893112	-0.27168044447898865	0.2806190550327301	-0.3256674110889435	0.9028807282447815	-0.022001512348651886	-0.9426133632659912	-0.33316072821617126
18.524194717407227	142.96420288085938	-16.663619995117188	0.23554842174053192	0.1658419668674469	0.9089877280291238	21	0.09101227197087622	20	0.0	0	0.9151713848114014	0.017589924857020378	-0.4026809632778168	0.3828316926956177	-0.3504890501499176	0.8547499179840088	-0.12610027194023132	-0.9364016056060791	-0.32749149203300476
-22.74941635131836	154.3776397705078	-4.863086700439453	0.8297332525253296	0.550787627696991	0.9986646196311297	21	0.001335380368870316	20	0.0	0	-0.9262458086013794	0.3026188015937805	-0.22470106184482574	-0.3479871153831482	-0.457516074180603	0.8182811737060547	0.14482292532920837	0.8361225724220276	0.529079794883728
15.385781288146973	160.2550811767578	-4.499721050262451	0.1427605152130127	0.7580448985099792	0.9912041578648616	21	0.008795842135138416	20	0.0	0	0.7049017548561096	0.6302101016044617	-0.32549765706062317	0.38210728764533997	0.04922647774219513	0.922805905342102	0.5975847244262695	-0.77486252784729	-0.20610804855823517
-11.430733680725098	0.11227670311927795	-7.608063697814941	0.9558877944946289	0.5439863204956055	0.9367286562919617	7	0.06327134370803833	6	0.0	0	-0.21851231157779694	-0.9163564443588257	-0.33547481894493103	-0.8043338060379028	0.3637889325618744	-0.46979236602783203	0.5525392293930054	0.16717827320098877	-0.8165487051010132
-11.65806770324707	1.2217601537704468	-8.806330680847168	0.9625592827796936	0.5487555265426636	0.9229514667611678	7	0.07704853323883215	6	0.0	0	-0.5741528272628784	-0.6775412559509277	-0.4596590995788574	-0.5874025225639343	0.7319720387458801	-0.34521767497062683	0.5703568458557129	0.071797214448452	-0.8182532787322998
-9.603104591369629	1.419866919517517	-9.825540542602539	0.9553892612457275	0.5592108964920044	0.9114623462081921	7	0.08853765379180788	6	0.0	0	-0.12647143006324768	-0.805414080619812	-0.579062283039093	-0.8220286965370178	0.41182997822761536	-0.39327460527420044	0.5552241206169128	0.4262678325176239	-0.7141582369804382
5.468160152435303	60.27464294433594	-7.542827129364014	0.507771372795105	0.3601572811603546	0.8566173676238871	1	0.13031101038053552	5	0.01307162199557741	0	-0.11369955539703369	-0.3436911404132843	-0.9321742653846741	0.8204758167266846	0.49661827087402344	-0.28317782282829285	0.560260534286499	-0.7970237135887146	0.22552502155303955
-12.592658042907715	83.60124969482422	-6.6236491203308105	0.5086933374404907	0.19714032113552094	0.39146727313117985	17	0.3267157856518915	0	0.28181694121692863	18	-0.6077262759208679	0.08205972611904144	-0.7898955941200256	0.6524835824966431	0.6185848116874695	-0.43774205446243286	0.45269638299942017	-0.7814211845397949	-0.42947280406951904
-9.398366928100586	98.71281433105469	-9.058740615844727	0.575507640838623	0.15548451244831085	0.7009451828898048	17	0.26296543746184803	16	0.03608937964834717	12	-0.5370039343833923	0.09136837720870972	-0.8386171460151672	0.5562731027603149	0.7857063412666321	-0.2706027925014496	0.6341821551322937	-0.6118148565292358	-0.4727531373500824
-1.8373204469680786	110.02247619628906	-7.919228553771973	0.6429483294487	0.13925880193710327	0.4350457876821704	20	0.40849449015549166	16	0.15645972216233792	12	-0.09809630364179611	0.48288461565971375	-0.8701722621917725	0.7594473361968994	0.6013959646224976	0.248118594288826	0.6431306600570679	-0.6365103721618652	-0.42572009563446045
17.17523765563965	127.50371551513672	-7.719346523284912	0.2671569585800171	0.23431971669197083	0.8381008852094148	21	0.1618991147905852	20	0.0	0	0.7887020707130432	-0.5748140215873718	-0.21803173422813416	0.5830927491188049	0.5870471596717834	0.5615856647491455	-0.19481240212917328	-0.5700564980506897	0.7981752157211304
18.19226837158203	154.60826110839844	-12.089193344116211	0.23473039269447327	0.10568829625844955	0.9650118207184699	21	0.03498817928153009	20	0.0	0	0.8815354108810425	0.3200196921825409	-0.3471061587333679	0.44599783420562744	-0.3233244717121124	0.8345941305160522	0.15485861897468567	-0.8905328512191772	-0.4277500510215759
-5.90977144241333	0.2478637546300888	-7.907746315002441	0.9330914616584778	0.5588735938072205	0.9123476215626867	7	0.08765237843731327	6	0.0	0	0.008805603720247746	-0.9622024297714233	-0.2721928060054779	-0.8788937926292419	0.12238141149282455	-0.46105146408081055	0.4769362211227417	0.24328842759132385	-0.8445962071418762
-6.3587727546691895	2.832505941390991	-8.677032470703125	0.8312303423881531	0.22843515872955322	0.8897218571644745	7	0.11027814283552553	6	0.0	0	0.48282670974731445	0.16929711401462555	-0.8591954708099365	0.8485141396522522	-0.3330827057361603	0.41119319200515747	-0.21656930446624756	-0.9275744557380676	-0.3044722080230713
-5.90977144241333	0.2478637546300888	-7.907746315002441	0.839754581451416	0.23883529007434845	0.9123476215626867	7	0.08765237843731327	6	0.0	0	0.6121606826782227	-0.12601016461849213	-0.7806284427642822	0.6957337856292725	-0.3833291232585907	0.6074646711349487	-0.37578433752059937	-0.914975643157959	-0.14698947966098785
-9.603104591369629	1.419866919517517	-9.825540542602539	0.8175394535064697	0.24032920598983765	0.9114623462081921	7	0.08853765379180788	6	0.0	0	-0.03330254182219505	0.11420293897390366	-0.9928990602493286	0.9734929800033569	-0.22121524810791016	-0.05809575691819191	-0.226279154419899	-0.9685150980949402	-0.10380874574184418
-5.2277750968933105	60.09165573120117	-7.458401203155518	0.25720298290252686	0.9229987263679504	0.8714086865897562	5	0.12262164196635099	1	0.005969671443892747	18	-0.20748837292194366	-0.7553888559341431	-0.6215595006942749	-0.696039080619812	-0.33246132731437683	0.6363954544067383	-0.6873705387115479	0.5646743774414062	-0.4567982852458954
-9.314933776855469	65.4897689819336	-11.098732948303223	0.24391989409923553	0.9597747325897217	0.8975247124271313	5	0.053057679226107914	0	0.04941760834676077	18	-0.2947077751159668	-0.6776118278503418	-0.6737874150276184	-0.5913107395172119	-0.4245818555355072	0.6856251955032349	-0.7506656050682068	0.6004768013954163	-0.27555158734321594
-1.0918073654174805	62.09163284301758	-11.247394561767578	0.2290751039981842	0.9250061511993408	0.5426053573287316	5	0.41606128132097997	1	0.04133336135028839	0	-0.0701131746172905	-0.8339940905570984	-0.5473006963729858	-0.8676440715789795	-0.21973656117916107	0.445993036031723	-0.492217481136322	0.5061321258544922	-0.7082034945487976
-11.785865783691406	63.35900115966797	-7.853700637817383	0.2656894028186798	0.9612472653388977	0.9099560250142278	5	0.05394806483900476	19	0.03609591014676743	18	-0.29744529724121094	-0.678307056427002	-0.6718822717666626	-0.48827606439590454	-0.49666282534599304	0.7175740599632263	-0.8204345107078552	0.5415030717849731	-0.18347108364105225
-10.459144592285156	105.98401641845703	-7.065415382385254	0.5991426706314087	0.12492471933364868	0.6076509790834096	16	0.35264187224435	17	0.03970714867224037	20	-0.41119393706321716	0.24867922067642212	-0.8769710063934326	0.723274827003479	0.6745471358299255	-0.14785020053386688	0.5547910332679749	-0.6950862407684326	-0.45723316073417664
11.358743667602539	8.792462348937988	-5.970412731170654	0.7853227853775024	0.19466158747673035	0.7131877925041976	3	0.28681220749580244	2	0.0	0	0.4048399031162262	0.18771754205226898	-0.8949115872383118	0.9121844172477722	-0.015012625604867935	0.4095047116279602	0.06343624740839005	-0.9821082949638367	-0.1773107349872589
12.025166511535645	0.7517733573913574	-8.00146198272705	0.7870492935180664	0.23554003238677979	0.9223745075398946	3	0.0776254924601054	2	0.0	0	0.44103726744651794	-0.2113872915506363	-0.8722394108772278	0.8731536269187927	-0.12371974438428879	0.471483051776886	-0.20757871866226196	-0.9695404767990112	0.1300085484981537
8.723885536193848	1.5016123056411743	-9.852641105651855	0.7678541541099548	0.2339743971824646	0.9044921128603186	3	0.09550788713968136	2	0.0	0	0.1321093589067459	0.06320468336343765	-0.98921799659729	0.9903102517127991	0.034685827791690826	0.13447147607803345	0.0428110733628273	-0.9973976612091064	-0.05800992250442505
-10.484195709228516	8.022164344787598	-7.609708309173584	0.8063766956329346	0.2065374255180359	0.7492708340504517	7	0.2507291659495483	6	0.0	0	-0.15721330046653748	0.4021068513393402	-0.901994526386261	0.9656778573989868	-0.12862998247146606	-0.2256559282541275	-0.20676133036613464	-0.9065122008323669	-0.3680833578109741
13.639245986938477	69.5424575805664	-7.645007610321045	0.5756581425666809	0.3447212874889374	0.7581345396007415	1	0.16719414071254698	0	0.07467131968671153	14	0.7084770202636719	-0.08087636530399323	-0.7010843753814697	0.5938041806221008	0.6051671504974365	0.530254065990448	0.38138818740844727	-0.7919796705245972	0.476771742105484
-9.314933776855469	65.4897689819336	-11.098732948303223	0.4414966106414795	0.9877167344093323	0.8975247124271313	5	0.053057679226107914	0	0.04941760834676077	18	-0.73955237865448	-0.21487149596214294	-0.637881338596344	-0.5231460332870483	0.779796838760376	0.343853622674942	0.42353343963623047	0.5880028009414673	-0.6891096234321594
-14.521775245666504	65.41991424560547	-5.038451194763184	0.4651225805282593	0.9557939767837524	0.8479897548349206	5	0.09430581381344529	19	0.05770443135163413	18	-0.73955237865448	-0.21487149596214294	-0.637881338596344	-0.5231459736824036	0.7797967195510864	0.34385359287261963	0.42353343963623047	0.5880028009414673	-0.689109742641449
-11.490693092346191	69.62804412841797	-9.970169067382812	0.4651225805282593	0.9913655519485474	0.7780772952768881	5	0.12130711526190713	0	0.10061558946120477	18	-0.73955237865448	-0.21487148106098175	-0.637881338596344	-0.5231459736824036	0.7797967791557312	0.34385359287261963	0.4235334098339081	0.5880027413368225	-0.6891096830368042
-9.520135879516602	108.46370697021484	-6.330183982849121	0.6110776662826538	0.11770724505186081	0.6847684163261494	16	0.20258689495584503	17	0.11264468871800556	20	-0.31262266635894775	0.4473849833011627	-0.8379222750663757	0.7668468356132507	0.6394427418708801	0.05530751496553421	0.5605470538139343	-0.6252676248550415	-0.5429800748825073
5.16747522354126	110.90967559814453	-5.909964084625244	0.7394795417785645	0.936223566532135	0.5468994778359514	12	0.3514098078052875	20	0.10169071435876106	11	0.4802374243736267	0.8315941691398621	-0.2789680063724518	-0.0884573832154274	0.36233800649642944	0.9278396964073181	0.8726667761802673	-0.42090657353401184	0.24756890535354614
7.4928998947143555	108.29766082763672	-7.949248790740967	0.725156307220459	0.9507520794868469	0.7337528356901591	12	0.16273008246541698	20	0.1035170818444239	11	0.49381113052368164	0.7235028743743896	-0.4823838770389557	0.06957048922777176	0.5200892090797424	0.8512738347053528	0.8667817115783691	-0.4539281725883484	0.2064913809299469
