887	352	19
0.0	5.502277374267578	-0.44910740852355957	0.2008766382932663	0.39022383093833923	1.0	2	0.0	0	0.0	0	0.0	1.0	0.0	1.0	0.0	0.0	0.0	0.0	-1.0
1.0007411241531372	5.340351104736328	-0.2834181785583496	0.2008766382932663	0.39022383093833923	1.0	3	0.0	0	0.0	0	0.0	1.0	0.0	1.0	0.0	0.0	0.0	0.0	-1.0
0.8249359130859375	4.818154335021973	-0.41565191745758057	0.29599931836128235	0.08969251811504364	1.0	4	0.0	0	0.0	0	-0.12283027172088623	-0.09982610493898392	0.9873942732810974	2.761557649222368e-11	0.9949281811714172	0.10058779269456863	-0.9924277067184448	0.012355226092040539	-0.12220729887485504
0.0	5.502277374267578	-0.44910740852355957	0.3832818567752838	0.19511188566684723	1.0	2	0.0	0	0.0	0	-0.12283027172088623	-0.09982610493898392	0.9873942732810974	2.761546546992122e-11	0.9949281811714172	0.10058779269456863	-0.9924277067184448	0.012355226092040539	-0.12220729887485504
0.0	4.741106033325195	-0.5260622501373291	0.28578653931617737	0.19511188566684723	0.9943509765891066	1	0.0056490234108933	2	0.0	0	-0.12283027172088623	-0.09982610493898392	0.9873942732810974	2.7615354447618756e-11	0.9949281811714172	0.10058779269456863	-0.9924277067184448	0.012355226092040539	-0.12220729887485504
0.8646297454833984	3.5378687381744385	0.35873034596443176	0.2008766382932663	0.39022383093833923	0.7564928037936625	5	0.2435071962063375	4	0.0	0	0.0	1.0	0.0	1.0	0.0	0.0	0.0	0.0	-1.0
0.8646297454833984	3.550112247467041	-0.37505555152893066	0.2008766382932663	0.39022383093833923	1.0	5	0.0	0	0.0	0	0.0	1.0	0.0	1.0	0.0	0.0	0.0	0.0	-1.0
0.8646297454833984	3.5378687381744385	0.35873034596443176	0.2008766382932663	0.39022383093833923	1.0	5	0.0	0	0.0	0	0.0	1.0	0.0	1.0	0.0	0.0	0.0	0.0	-1.0
0.7413575053215027	4.020656585693359	-0.3750554323196411	0.6512120962142944	0.9122592806816101	0.6906100530689457	4	0.30938994693105426	5	0.0	0	-0.9686728715896606	-0.24833929538726807	-0.0006605800008401275	0.0006850583595223725	-1.2150967449997552e-05	-0.9999998211860657	0.2483392357826233	-0.9686731696128845	0.0001818972232285887
0.8646297454833984	3.5378687381744385	0.35873034596443176	0.5572022199630737	0.9736768007278442	0.7564928037936625	5	0.2435071962063375	4	0.0	0	-0.9686728715896606	-0.24833929538726807	-0.0006605800008401275	0.0006850583595223725	-1.215096654050285e-05	-0.9999998211860657	0.2483392357826233	-0.9686731696128845	0.0001818972232285887
0.7413575053215027	4.018671989440918	0.37104126811027527	0.5558780431747437	0.9125128984451294	0.6221608129588302	5	0.37783918704116987	4	0.0	0	-0.9686728715896606	-0.24833929538726807	-0.0006605800008401275	0.0006850583595223725	-1.215096654050285e-05	-0.9999998211860657	0.2483392357826233	-0.9686731696128845	0.0001818972232285887
1.0007411241531372	5.340351104736328	-0.2834181785583496	0.3844793736934662	0.744101345539093	0.5625433984328105	4	0.43745660156718946	3	0.0	0	-0.5020121932029724	-0.864406168460846	0.02803443931043148	0.8616492748260498	-0.5026761293411255	-0.06983798742294312	0.07446061819791794	-0.01090366393327713	0.9971643686294556
1.108427882194519	5.2919816970825195	0.1535177230834961	0.39666369557380676	0.8005756139755249	0.6094905517387265	4	0.3905094482612735	3	0.0	0	-0.5020121932029724	-0.864406168460846	0.02803443931043148	0.8616492748260498	-0.5026761293411255	-0.06983799487352371	0.07446062564849854	-0.010903667658567429	0.9971643686294556
1.0007412433624268	5.354521751403809	0.15351775288581848	0.3844793736934662	0.7994695901870728	0.6302302251266251	4	0.369769774873375	3	0.0	0	-0.5020121932029724	-0.864406168460846	0.02803443931043148	0.861649215221405	-0.5026760697364807	-0.06983798742294312	0.07446062564849854	-0.01090366579592228	0.9971643686294556
0.0	5.363168716430664	0.3122974634170532	0.7487317323684692	0.19511188566684723	1.0	2	0.0	0	0.0	0	-0.35776737332344055	-0.27798739075660706	-0.8914737701416016	-1.0662298599584119e-08	0.9546622037887573	-0.29769137501716614	0.9338107705116272	-0.10650425404310226	-0.3415469825267792
0.8249359726905823	4.818154335021973	0.15118438005447388	0.6794448494911194	0.300531268119812	0.9917777688573379	4	0.008222231142662042	8	0.0	0	-0.35776737332344055	-0.27798739075660706	-0.8914737701416016	-1.0662298599584119e-08	0.9546622037887573	-0.29769137501716614	0.9338107705116272	-0.10650425404310226	-0.3415469825267792
0.0	4.746026515960693	0.504740297794342	0.6694588661193848	0.19511188566684723	0.8837743297275387	1	0.11622567027246129	2	0.0	0	-0.35776737332344055	-0.27798739075660706	-0.8914737701416016	-2.1324597199168238e-08	0.9546621441841125	-0.29769137501716614	0.933810830116272	-0.10650425404310226	-0.34154701232910156
0.7413575053215027	4.018671989440918	0.37104126811027527	0.5768141746520996	0.28985071182250977	0.6221608129588302	5	0.37783918704116987	4	0.0	0	-0.1709442436695099	0.05513334646821022	-0.9837369322776794	1.7988006639768628e-09	0.9984332323074341	0.055956996977329254	0.9852806925773621	0.009565524756908417	-0.17067641019821167
0.0	3.4665727615356445	0.468924880027771	0.5060579776763916	0.19511190056800842	0.9403040343718105	0	0.029847985827088083	10	0.02984797980110134	15	-0.1709442436695099	0.05513334646821022	-0.9837369322776794	1.1619837314569281e-09	0.9984332323074341	0.055956996977329254	0.9852807521820068	0.009565525688230991	-0.17067641019821167
0.0	3.9791159629821777	0.49765026569366455	0.5714842677116394	0.19511190056800842	0.8978479900047506	0	0.05107600894759179	10	0.051076001047657665	15	-0.1709442436695099	0.05513334646821022	-0.9837369322776794	2.43561726342989e-09	0.9984331727027893	0.055956993252038956	0.9852806925773621	0.009565522894263268	-0.17067641019821167
0.7413575053215027	4.020656585693359	-0.3750554323196411	0.1942574679851532	0.10037309676408768	0.6906100530689457	4	0.30938994693105426	5	0.0	0	-0.16658735275268555	-0.04364246502518654	0.9850603938102722	1.6830188798167e-08	0.999019980430603	0.044260941445827484	-0.9860267043113708	0.007373329717665911	-0.16642409563064575
0.0	3.4420852661132812	-0.5260624885559082	0.11984053254127502	0.19511190056800842	1.0	0	0.0	0	0.0	0	-0.16658735275268555	-0.04364246502518654	0.9850603938102722	1.7450776823579872e-08	0.999019980430603	0.044260941445827484	-0.9860267043113708	0.007373330183327198	-0.16642409563064575
0.8646297454833984	3.550112247467041	-0.37505555152893066	0.13414685428142548	0.08462001383304596	0.5533078451906615	5	0.44669215480933855	4	0.0	0	-0.16658735275268555	-0.04364246502518654	0.9850603938102722	1.7450776823579872e-08	0.999019980430603	0.044260941445827484	-0.9860267043113708	0.007373330183327198	-0.16642409563064575
0.8646297454833984	3.5378687381744385	0.35873034596443176	0.8973349928855896	0.16328755021095276	1.0	5	0.0	0	0.0	0	-0.9996318221092224	0.027135562151670456	0.0	0.00045266631059348583	0.016675522550940514	-0.9998608827590942	-0.027131782844662666	-0.9994926452636719	-0.016681665554642677
0.828053891658783	2.1904711723327637	-0.2566019296646118	0.9731014966964722	0.3368157148361206	0.8968180515778481	10	0.10318194842215188	11	0.0	0	-0.9996318221092224	0.027135562151670456	0.0	0.00045266631059348583	0.016675522550940514	-0.9998608231544495	-0.027131784707307816	-0.9994927048683167	-0.016681667417287827
0.828053891658783	2.1904711723327637	0.25660160183906555	0.9075350165367126	0.3357217311859131	0.8484350914475148	10	0.1515649085524851	11	0.0	0	-0.9996318221092224	0.027135562151670456	0.0	0.00045266636880114675	0.016675524413585663	-0.9998608827590942	-0.027131782844662666	-0.9994926452636719	-0.016681667417287827
0.0	3.4665727615356445	0.468924880027771	0.2008766382932663	0.39022383093833923	0.9403040343718105	0	0.029847985827088083	10	0.02984797980110134	15	0.0	1.0	0.0	1.0	0.0	0.0	0.0	0.0	-1.0
0.0	3.4665727615356445	0.468924880027771	0.2008766382932663	0.39022383093833923	0.8954519237981966	0	0.05227403810090167	15	0.05227403810090167	10	0.0	1.0	0.0	1.0	0.0	0.0	0.0	0.0	-1.0
0.8646297454833984	3.550112247467041	-0.37505555152893066	0.2008766382932663	0.39022383093833923	0.5533078451906615	5	0.44669215480933855	4	0.0	0	0.0	1.0	0.0	1.0	0.0	0.0	0.0	0.0	-1.0
0.0	3.4420852661132812	-0.5260624885559082	0.2008766382932663	0.39022383093833923	0.8343809744346723	0	0.08280951278266387	15	0.08280951278266387	10	0.0	1.0	0.0	1.0	0.0	0.0	0.0	0.0	-1.0
0.8646297454833984	3.5378687381744385	0.35873034596443176	0.3829883635044098	0.7444772124290466	1.0	5	0.0	0	0.0	0	-0.13110211491584778	0.06052415445446968	-0.9895196557044983	0.9886742234230042	0.08152448385953903	-0.12600365281105042	0.0730438157916069	-0.994831919670105	-0.07052670419216156
0.2319124937057495	2.1867172718048096	0.3599160313606262	0.2878640592098236	0.9096873998641968	0.4888061315594365	10	0.34939625650054684	11	0.1617976119400167	15	-0.13110211491584778	0.06052415445446968	-0.9895196557044983	0.9886742830276489	0.08152448385953903	-0.12600365281105042	0.0730438157916069	-0.9948319792747498	-0.07052670419216156
0.0	3.4665727615356445	0.468924880027771	0.27210161089897156	0.7444772124290466	0.8954519237981966	0	0.05227403810090167	15	0.05227403810090167	10	-0.13110211491584778	0.06052415445446968	-0.9895196557044983	0.9886742830276489	0.08152447640895844	-0.12600365281105042	0.0730438083410263	-0.9948319792747498	-0.07052670419216156
0.8646297454833984	3.550112247467041	-0.37505555152893066	4.379405726950836e-09	0.6791796684265137	1.0	5	0.0	0	0.0	0	-0.17061640322208405	0.09007416665554047	0.9812119007110596	-0.9796113967895508	-0.1227080300450325	-0.15907365083694458	0.10607413947582245	-0.9883468151092529	0.10917367786169052
0.2319124937057495	2.1867172718048096	-0.3599163889884949	0.10254422575235367	0.841474711894989	0.43007967728154717	10	0.3899577900896585	15	0.17996253262879436	11	-0.17061640322208405	0.09007416665554047	0.9812119007110596	-0.9796113967895508	-0.1227080225944519	-0.15907365083694458	0.10607413947582245	-0.9883468151092529	0.10917367786169052
0.828053891658783	2.1904711723327637	-0.2566019296646118	0.02688734605908394	0.8504378795623779	0.8968180515778481	10	0.10318194842215188	11	0.0	0	-0.17061640322208405	0.09007416665554047	0.9812119007110596	-0.9796113967895508	-0.1227080300450325	-0.15907365083694458	0.10607413947582245	-0.9883468151092529	0.10917367786169052
0.0	3.4665727615356445	0.468924880027771	0.6815507411956787	0.6459951996803284	0.8954519237981966	0	0.05227403810090167	15	0.05227403810090167	10	0.9834563136100769	0.1810905784368515	-0.004456791561096907	-3.3108937813608463e-09	0.024603411555290222	0.9996972680091858	0.18114542961120605	-0.9831587076187134	0.024196384474635124
0.2319124937057495	2.1867172718048096	-0.3599163889884949	0.5712969303131104	0.8079169392585754	0.43007967728154717	10	0.3899577900896585	15	0.17996253262879436	11	0.9834563136100769	0.1810905784368515	-0.004456791561096907	-3.3108937813608463e-09	0.024603409692645073	0.9996972680091858	0.18114542961120605	-0.9831587076187134	0.024196382611989975
0.0	3.4420852661132812	-0.5260624885559082	0.5543766021728516	0.6459951996803284	0.8343809744346723	0	0.08280951278266387	15	0.08280951278266387	10	0.9834563136100769	0.1810905784368515	-0.004456791561096907	-3.3108937813608463e-09	0.024603409692645073	0.9996972680091858	0.18114542961120605	-0.9831587076187134	0.024196382611989975
0.9122918844223022	0.3426647186279297	0.10823935270309448	0.3923477232456207	0.6283760070800781	0.512853511910837	11	0.48714648808916305	13	0.0	0	-0.9138525128364563	-0.31910058856010437	0.2510944604873657	-0.24841544032096863	-0.04978680983185768	-0.967373251914978	0.32119056582450867	-0.946412205696106	-0.033771712332963943
0.8829950094223022	0.2342519760131836	-0.13616108894348145	0.4243532419204712	0.6405327320098877	0.5182699367868334	11	0.4817300632131665	13	0.0	0	-0.9138525128364563	-0.31910058856010437	0.2510944604873657	-0.24841544032096863	-0.04978680983185768	-0.967373251914978	0.32119056582450867	-0.946412205696106	-0.033771712332963943
0.9536588788032532	0.2342519760131836	0.1210184395313263	0.3914002776145935	0.6422117352485657	0.8540611212287543	13	0.14593887877124564	11	0.0	0	-0.9138525128364563	-0.31910058856010437	0.2510944604873657	-0.24841544032096863	-0.04978681728243828	-0.967373251914978	0.32119056582450867	-0.946412205696106	-0.03377170488238335
0.5666638612747192	0.23225975036621094	-0.19098293781280518	0.002228273544460535	0.6423376202583313	0.5193688600040287	11	0.4806311399959713	13	0.0	0	0.9853129386901855	0.006205316632986069	0.17064562439918518	-0.17067265510559082	0.06745398789644241	0.9830161333084106	-0.005410801153630018	-0.9977030754089355	0.06752236187458038
0.5050463676452637	-0.0019922256469726562	0.1733165979385376	0.046556681394577026	0.6753585338592529	0.8639975543155308	13	0.13600244568446912	11	0.0	0	0.9853129386901855	0.006205316632986069	0.17064562439918518	-0.17067267000675201	0.06745399534702301	0.9830161929130554	-0.005410802084952593	-0.9977031350135803	0.06752236932516098
0.5681391358375549	-0.0019922256469726562	-0.19098293781280518	1.165684881954121e-08	0.6721745133399963	0.5007558598508425	13	0.49924414014915747	11	0.0	0	0.9853129386901855	0.006205316632986069	0.17064562439918518	-0.17067267000675201	0.06745398789644241	0.9830161929130554	-0.005410801153630018	-0.9977031350135803	0.06752236187458038
0.9122918844223022	0.3426647186279297	0.10823935270309448	0.901839554309845	0.8847446441650391	0.512853511910837	11	0.48714648808916305	13	0.0	0	-0.11756646633148193	-0.14393934607505798	-0.9825780391693115	0.9899369478225708	0.06148483231663704	-0.1274539679288864	0.07875929027795792	-0.9876745939254761	0.13526232540607452
0.503571093082428	0.23225975036621094	0.1733165979385376	0.8488021492958069	0.8956124782562256	0.864941507281909	13	0.13505849271809106	11	0.0	0	-0.11756646633148193	-0.14393934607505798	-0.9825780391693115	0.9899369478225708	0.06148483231663704	-0.1274539679288864	0.07875929027795792	-0.9876745939254761	0.13526232540607452
0.5223576426506042	0.34088611602783203	0.15515592694282532	0.8520910143852234	0.8818761706352234	0.5509776470332214	13	0.44902235296677867	11	0.0	0	-0.11756646633148193	-0.14393934607505798	-0.9825780391693115	0.989936888217926	0.06148483231663704	-0.1274539679288864	0.07875929772853851	-0.9876746535301208	0.13526232540607452
0.8554927110671997	0.3426647186279297	-0.1227191686630249	0.7571022510528564	0.6271495223045349	0.531613566961041	11	0.468386433038959	13	0.0	0	-0.1674780398607254	-0.16304005682468414	0.9723008871078491	-0.984565794467926	-0.023164497688412666	-0.1734749972820282	0.05080623924732208	-0.9863475561141968	-0.15664413571357727
0.5666638612747192	0.23225975036621094	-0.19098293781280518	0.7944005727767944	0.6404382586479187	0.5193688600040287	11	0.4806311399959713	13	0.0	0	-0.1674780398607254	-0.16304005682468414	0.9723008871078491	-0.984565794467926	-0.023164493963122368	-0.1734749972820282	0.05080623924732208	-0.9863475561141968	-0.15664413571357727
0.8829950094223022	0.2342519760131836	-0.13616108894348145	0.7539799213409424	0.6411373019218445	0.5182699367868334	11	0.4817300632131665	13	0.0	0	-0.1674780398607254	-0.16304005682468414	0.9723008871078491	-0.984565794467926	-0.023164493963122368	-0.1734749972820282	0.05080623924732208	-0.9863475561141968	-0.15664413571357727
0.5223576426506042	0.34088611602783203	0.15515592694282532	0.04746159538626671	0.6316058039665222	0.5509776470332214	13	0.44902235296677867	11	0.0	0	0.9845767617225647	-0.08524688333272934	0.15277953445911407	-0.14717191457748413	0.06862129271030426	0.986727774143219	-0.0945994034409523	-0.9939940571784973	0.055016983300447464
0.5666638612747192	0.23225975036621094	-0.19098293781280518	0.002228273544460535	0.6423376202583313	0.5193688600040287	11	0.4806311399959713	13	0.0	0	0.9845767617225647	-0.08524688333272934	0.15277953445911407	-0.14717191457748413	0.06862129271030426	0.986727774143219	-0.0945994034409523	-0.9939940571784973	0.055016983300447464
0.5730712413787842	0.34088611602783203	-0.17166423797607422	0.0057075778022408485	0.6287210583686829	0.5324294455043311	11	0.46757055449566887	13	0.0	0	0.9845767617225647	-0.08524688333272934	0.15277953445911407	-0.14717191457748413	0.06862129271030426	0.9867277145385742	-0.09459938853979111	-0.9939939975738525	0.055016983300447464
0.0	4.746026515960693	0.504740297794342	0.6694588661193848	0.19511188566684723	0.8837743297275387	1	0.11622567027246129	2	0.0	0	-0.1928996741771698	-0.08021104335784912	-0.9779345393180847	5.4347246702945995e-09	0.996653139591217	-0.08174636960029602	0.9812185168266296	-0.015768853947520256	-0.19225406646728516
0.720777690410614	4.4942307472229	0.38321787118911743	0.6375510096549988	0.2872207760810852	0.6988070436979906	4	0.2907208622715684	5	0.010472094030441002	9	-0.1928996741771698	-0.08021104335784912	-0.9779345393180847	5.4347246702945995e-09	0.996653139591217	-0.08174636960029602	0.9812185168266296	-0.015768853947520256	-0.19225406646728516
0.0	4.486068248748779	0.5260623097419739	0.6361969709396362	0.19511188566684723	1.0	1	0.0	0	0.0	0	-0.1928996741771698	-0.08021104335784912	-0.9779345393180847	6.871940350094974e-09	0.9966531991958618	-0.08174636960029602	0.9812185764312744	-0.015768855810165405	-0.19225408136844635
0.8249359726905823	4.818154335021973	0.15118438005447388	0.5838384032249451	0.8101785182952881	0.9917777688573379	4	0.008222231142662042	8	0.0	0	-0.9526700377464294	0.3039889335632324	-0.003272315254434943	0.003416289808228612	-5.822361708851531e-05	-0.9999942183494568	-0.3039872944355011	-0.9526755213737488	-0.0009830461349338293
0.720777690410614	4.486068248748779	-0.3750554323196411	0.6512660980224609	0.8528375625610352	0.8254551864784	4	0.1745448135216	5	0.0	0	-0.9526700377464294	0.3039889335632324	-0.003272315254434943	0.0034162895753979683	-5.822361708851531e-05	-0.999994158744812	-0.3039872944355011	-0.9526755809783936	-0.0009830461349338293
0.720777690410614	4.4942307472229	0.38321787118911743	0.554376482963562	0.8517946004867554	0.6988070436979906	4	0.2907208622715684	5	0.010472094030441002	9	-0.9526700377464294	0.3039889335632324	-0.003272315254434943	0.0034162895753979683	-5.8223613450536504e-05	-0.999994158744812	-0.3039872944355011	-0.9526755809783936	-0.0009830461349338293
0.720777690410614	4.486068248748779	-0.3750554323196411	0.2537124454975128	0.10300300270318985	0.8254551864784	4	0.1745448135216	5	0.0	0	-0.20505359768867493	0.0	0.9787508249282837	0.0	1.0	0.0	-0.9787508249282837	0.0	-0.20505359768867493
0.0	4.741106033325195	-0.5260622501373291	0.28578653931617737	0.19511188566684723	0.9943509765891066	1	0.0056490234108933	2	0.0	0	-0.20505359768867493	0.0	0.9787508249282837	0.0	1.0	0.0	-0.9787508249282837	0.0	-0.20505359768867493
0.0	4.486068248748779	-0.5260622501373291	0.2532062530517578	0.19511188566684723	1.0	1	0.0	0	0.0	0	-0.20505359768867493	0.0	0.9787508249282837	0.0	1.0	0.0	-0.9787508249282837	0.0	-0.20505359768867493
1.148713231086731	4.8993096351623535	0.07088226079940796	0.209814190864563	0.44060447812080383	0.9983835419463928	4	0.0016164580536072678	8	0.0	0	-0.9934383034706116	-0.1140260398387909	-0.008856589905917645	0.005421027075499296	0.03040454536676407	-0.9995229840278625	0.11424091458320618	-0.9930123686790466	-0.029586898162961006
1.1084277629852295	5.277811050415039	-0.2834181785583496	0.25662535429000854	0.39373642206192017	0.5607814129016272	4	0.43008248338553556	3	0.0091361037128372	2	-0.9934383034706116	-0.1140260398387909	-0.008856589905917645	0.005421027075499296	0.03040454350411892	-0.9995229840278625	0.11424091458320618	-0.9930123686790466	-0.029586896300315857
1.1487133502960205	4.937098503112793	-0.41565191745758057	0.27210164070129395	0.4376744329929352	0.9894154074240407	4	0.010584592575959322	8	0.0	0	-0.9934383034706116	-0.1140260398387909	-0.008856589905917645	0.005421026609838009	0.030404547229409218	-0.9995230436325073	0.11424092203378677	-0.9930124282836914	-0.029586900025606155
1.0007411241531372	5.340351104736328	-0.2834181785583496	0.3631516396999359	0.06722620129585266	0.5625433984328105	4	0.43745660156718946	3	0.0	0	-0.21802186965942383	-0.3754080832004547	0.9008525013923645	-1.1542133648845265e-07	0.9230577349662781	0.38466155529022217	-0.975943922996521	0.08386452496051788	-0.20124681293964386
1.1487133502960205	4.937098503112793	-0.41565191745758057	0.3111940920352936	0.04831668734550476	0.9894154074240407	4	0.010584592575959322	8	0.0	0	-0.21802186965942383	-0.3754080832004547	0.9008525013923645	-1.1542132227759794e-07	0.9230577349662781	0.38466158509254456	-0.975943922996521	0.08386452496051788	-0.20124682784080505
1.1084277629852295	5.277811050415039	-0.2834181785583496	0.3551623523235321	0.05346481874585152	0.5607814129016272	4	0.43008248338553556	3	0.0091361037128372	2	-0.21802186965942383	-0.3754080832004547	0.9008525013923645	-1.1542132227759794e-07	0.9230577349662781	0.38466155529022217	-0.975943922996521	0.08386452496051788	-0.20124681293964386
0.8249359726905823	4.818154335021973	0.15118438005447388	0.6794448494911194	0.300531268119812	0.9917777688573379	4	0.008222231142662042	8	0.0	0	-0.27725541591644287	0.1705387681722641	-0.9455401301383972	1.6470458774620056e-07	0.9841213822364807	0.1774972826242447	0.9607962965965271	0.04921192303299904	-0.27285298705101013
1.108427882194519	5.2919816970825195	0.1535177230834961	0.7399818301200867	0.33675897121429443	0.6094905517387265	4	0.3905094482612735	3	0.0	0	-0.27725541591644287	0.1705387681722641	-0.9455401301383972	1.605731654308329e-07	0.9841213822364807	0.1774972826242447	0.9607962965965271	0.04921192675828934	-0.27285298705101013
1.148713231086731	4.8993096351623535	0.07088226079940796	0.6899890899658203	0.3419070839881897	0.9983835419463928	4	0.0016164580536072678	8	0.0	0	-0.27725541591644287	0.1705387681722641	-0.9455401301383972	1.605731654308329e-07	0.9841213822364807	0.1774972826242447	0.9607962965965271	0.04921192675828934	-0.27285298705101013
1.3736728429794312	4.010677337646484	-0.3747745752334595	0.26283007860183716	0.5553256273269653	0.8532138708687091	5	0.14391367109992298	4	0.002872458031367832	16	-0.9904131889343262	-0.13813671469688416	0.0	-0.004264448303729296	0.030575258657336235	-0.9995233416557312	0.13807086646556854	-0.9899411201477051	-0.03087121620774269
1.5268049240112305	2.912750244140625	0.062011778354644775	0.2024511992931366	0.6934983730316162	1.0	5	0.0	0	0.0	0	-0.9904131889343262	-0.13813671469688416	0.0	-0.004264447838068008	0.030575258657336235	-0.999523401260376	0.13807086646556854	-0.9899410605430603	-0.030871212482452393
1.3736728429794312	4.010677337646484	0.11030706763267517	0.2008766531944275	0.553435206413269	0.8602976270123799	5	0.13964325223385876	4	5.912075376134397e-05	16	-0.9904131889343262	-0.13813671469688416	0.0	-0.004264447838068008	0.030575256794691086	-0.9995233416557312	0.13807086646556854	-0.9899411201477051	-0.030871214345097542
1.2910197973251343	2.8956212997436523	-0.3264791965484619	0.05070041865110397	0.030131226405501366	1.0	5	0.0	0	0.0	0	0.0	0.0	1.0	-7.835065218841919e-08	1.0	0.0	-1.0	-7.835065218841919e-08	0.0
1.4939419031143188	2.515868663787842	-0.3264791965484619	0.002188132843002677	0.004199612885713577	1.0	5	0.0	0	0.0	0	0.0	0.0	1.0	-7.835065929384655e-08	1.0	0.0	-1.0	-7.835065929384655e-08	0.0
1.52680504322052	2.912750244140625	-0.3264791965484619	0.052888549864292145	-3.992974395572446e-09	1.0	5	0.0	0	0.0	0	0.0	0.0	1.0	-7.835065929384655e-08	1.0	0.0	-1.0	-7.835065929384655e-08	0.0
1.3736728429794312	4.010677337646484	-0.3747745752334595	0.19298359751701355	0.019568899646401405	0.8532138708687091	5	0.14391367109992298	4	0.002872458031367832	16	-0.0031604887917637825	0.04350511357188225	0.9990482330322266	-8.698577147470132e-08	0.9990531802177429	-0.04350532963871956	-0.9999949932098389	-0.00013758501154370606	-0.0031574927270412445
1.2910197973251343	2.8956212997436523	-0.3264791965484619	0.05070041865110397	0.030131226405501366	1.0	5	0.0	0	0.0	0	-0.0031604887917637825	0.04350511357188225	0.9990482330322266	-8.698577147470132e-08	0.9990531802177429	-0.04350532963871956	-0.9999949932098389	-0.00013758501154370606	-0.0031574927270412445
1.52680504322052	2.912750244140625	-0.3264791965484619	0.052888549864292145	-3.992974395572446e-09	1.0	5	0.0	0	0.0	0	-0.0031604887917637825	0.04350511357188225	0.9990482330322266	-8.698577147470132e-08	0.9990531802177429	-0.04350532963871956	-0.9999949932098389	-0.00013758501154370606	-0.0031574927270412445
1.0828932523727417	3.978909492492676	0.11030709743499756	0.7483464479446411	0.498673677444458	0.8815735025179917	5	0.11842649748200833	4	0.0	0	0.982039749622345	0.18867439031600952	-4.734119727345387e-07	3.9065497503543156e-07	4.7581042394995166e-07	1.0	0.18867439031600952	-0.982039749622345	3.9355816738861904e-07
1.2910197973251343	2.8956212997436523	-0.3264791965484619	0.6922325491905212	0.6380384564399719	1.0	5	0.0	0	0.0	0	0.982039749622345	0.18867439031600952	-4.734119727345387e-07	3.9065497503543156e-07	4.7581042394995166e-07	1.0	0.18867439031600952	-0.982039749622345	3.9355816738861904e-07
1.0828930139541626	3.978909492492676	-0.3747745752334595	0.686363697052002	0.4986736476421356	0.8740965640028615	5	0.12590343599713846	4	0.0	0	0.982039749622345	0.18867439031600952	-4.734119727345387e-07	3.90655003457141e-07	4.758103955282422e-07	1.0	0.18867439031600952	-0.982039749622345	3.935581389669096e-07
1.3736728429794312	4.010677337646484	0.11030706763267517	0.5763605833053589	0.3706549108028412	0.8602976270123799	5	0.13964325223385876	4	5.912075376134397e-05	16	-0.004765992984175682	0.043623484671115875	-0.9990366697311401	1.3018890854255005e-07	0.9990480542182922	0.04362398013472557	0.9999886751174927	0.0002077815297525376	-0.0047614616341888905
1.2910197973251343	2.8956212997436523	0.06201183795928955	0.4339923560619354	0.3600926101207733	1.0	5	0.0	0	0.0	0	-0.004765992984175682	0.043623484671115875	-0.9990366697311401	1.3020664368923462e-07	0.9990479946136475	0.04362398013472557	0.9999886155128479	0.00020778150064870715	-0.004761461168527603
1.0828932523727417	3.978909492492676	0.11030709743499756	0.5723015069961548	0.3334958851337433	0.8815735025179917	5	0.11842649748200833	4	0.0	0	-0.004765992984175682	0.043623484671115875	-0.9990366697311401	1.3020664368923462e-07	0.9990480542182922	0.04362398386001587	0.9999886751174927	0.00020778151520062238	-0.0047614616341888905
1.381546139717102	2.4987399578094482	-0.3264791965484619	0.8073281049728394	0.8387343287467957	1.0	5	0.0	0	0.0	0	-0.15065695345401764	0.9885861873626709	-4.622940963372457e-08	0.988499104976654	0.15064369142055511	-0.013268128037452698	-0.013116680085659027	-0.0019989812280982733	-0.9999119639396667
1.4939417839050293	2.515868663787842	0.062011778354644775	0.8216912746429443	0.7890880703926086	1.0	5	0.0	0	0.0	0	-0.15065695345401764	0.9885861873626709	-4.622940963372457e-08	0.988499104976654	0.15064369142055511	-0.013268128037452698	-0.013116680085659027	-0.0019989812280982733	-0.9999119639396667
1.4939419031143188	2.515868663787842	-0.3264791965484619	0.8216912746429443	0.8385422825813293	1.0	5	0.0	0	0.0	0	-0.15065695345401764	0.9885861873626709	-4.622940963372457e-08	0.988499104976654	0.15064369142055511	-0.013268128037452698	-0.013116680085659027	-0.0019989812280982733	-0.9999119639396667
1.2910197973251343	2.8956212997436523	0.06201183795928955	0.7418731451034546	0.6380385160446167	1.0	5	0.0	0	0.0	0	0.9749594926834106	0.22238263487815857	0.0	-2.716441258598934e-07	1.1909295380974072e-06	1.0	0.22238263487815857	-0.9749594926834106	1.221516981786408e-06
1.381546139717102	2.4987399578094482	-0.3264791965484619	0.6920958161354065	0.6891682147979736	1.0	5	0.0	0	0.0	0	0.9749594926834106	0.22238263487815857	0.0	-2.716441258598934e-07	1.1909295380974072e-06	1.0	0.22238263487815857	-0.9749594926834106	1.221516981786408e-06
1.2910197973251343	2.8956212997436523	-0.3264791965484619	0.6922325491905212	0.6380384564399719	1.0	5	0.0	0	0.0	0	0.9749594926834106	0.22238263487815857	0.0	-2.716441258598934e-07	1.1909295380974072e-06	1.0	0.22238263487815857	-0.9749594926834106	1.221516981786408e-06
1.2910197973251343	2.8956212997436523	0.06201183795928955	0.4339923560619354	0.3600926101207733	1.0	5	0.0	0	0.0	0	-5.124961717228871e-07	-1.1689742507314804e-07	-1.0	2.763046040854533e-07	1.0	-1.168975671816952e-07	1.0	-2.763046609288722e-07	-5.124961148794682e-07
1.4939417839050293	2.515868663787842	0.062011778354644775	0.385470449924469	0.38602420687675476	1.0	5	0.0	0	0.0	0	-5.124961717228871e-07	-1.1689742507314804e-07	-1.0	2.763046040854533e-07	1.0	-1.168975671816952e-07	1.0	-2.763046609288722e-07	-5.124961148794682e-07
1.381546139717102	2.4987399578094482	0.06201183795928955	0.3832818567752838	0.37166106700897217	1.0	5	0.0	0	0.0	0	-5.124961717228871e-07	-1.1689742507314804e-07	-1.0	2.763046040854533e-07	1.0	-1.168975671816952e-07	1.0	-2.763046609288722e-07	-5.124961148794682e-07
1.52680504322052	2.912750244140625	-0.3264791965484619	0.25206831097602844	0.6950123906135559	1.0	5	0.0	0	0.0	0	-0.9965893030166626	0.0825209766626358	-3.0700442721354193e-07	0.0025222364347428083	0.030456826090812683	-0.99953293800354	-0.08248242735862732	-0.9961238503456116	-0.030561083927750587
1.4939417839050293	2.515868663787842	0.062011778354644775	0.2009516805410385	0.7442585825920105	1.0	5	0.0	0	0.0	0	-0.9965893030166626	0.0825209766626358	-3.0700442721354193e-07	0.002522235969081521	0.030456822365522385	-0.9995328783988953	-0.08248242735862732	-0.9961239099502563	-0.030561083927750587
1.5268049240112305	2.912750244140625	0.062011778354644775	0.2024511992931366	0.6934983730316162	1.0	5	0.0	0	0.0	0	-0.9965893030166626	0.0825209766626358	-3.0700442721354193e-07	0.002522235969081521	0.030456822365522385	-0.9995328783988953	-0.08248242735862732	-0.9961239099502563	-0.030561083927750587
1.148713231086731	4.8993096351623535	0.07088226079940796	0.6899890899658203	0.3419070839881897	0.9983835419463928	4	0.0016164580536072678	8	0.0	0	-0.23478075861930847	-0.02483384683728218	-0.9717310667037964	1.2731826259937407e-08	0.99967360496521	-0.02554795704782009	0.9720483422279358	-0.00599818117916584	-0.2347041219472885
1.0828932523727417	3.978909492492676	0.11030709743499756	0.5723015069961548	0.3334958851337433	0.8815735025179917	5	0.11842649748200833	4	0.0	0	-0.23478075861930847	-0.02483384683728218	-0.9717310667037964	1.1857199666565066e-08	0.99967360496521	-0.02554795704782009	0.9720483422279358	-0.0059981802478432655	-0.2347041219472885
0.8249359726905823	4.818154335021973	0.15118438005447388	0.6794448494911194	0.300531268119812	0.9917777688573379	4	0.008222231142662042	8	0.0	0	-0.23478075861930847	-0.02483384683728218	-0.9717310667037964	1.2294512075072817e-08	0.99967360496521	-0.02554795704782009	0.9720483422279358	-0.005998180713504553	-0.2347041219472885
0.8249359726905823	4.818154335021973	0.15118438005447388	0.7539799809455872	0.3902238607406616	0.9917777688573379	4	0.008222231142662042	8	0.0	0	0.9558660984039307	0.29380273818969727	-8.982393495671204e-08	9.493648178704461e-08	-3.14031112225166e-09	1.0	0.29380273818969727	-0.9558660984039307	-3.0894316438434544e-08
1.0828930139541626	3.978909492492676	-0.3747745752334595	0.686363697052002	0.4986736476421356	0.8740965640028615	5	0.12590343599713846	4	0.0	0	0.9558660984039307	0.29380273818969727	-8.982393495671204e-08	9.493648178704461e-08	-3.14031112225166e-09	1.0	0.29380273818969727	-0.9558660984039307	-3.0894316438434544e-08
0.8249359130859375	4.818154335021973	-0.41565191745758057	0.6815507411956787	0.3902238607406616	1.0	4	0.0	0	0.0	0	0.9558660984039307	0.29380273818969727	-8.982393495671204e-08	9.493648178704461e-08	-3.140307569537981e-09	1.0	0.29380273818969727	-0.9558660984039307	-3.0894312885720865e-08
1.1487133502960205	4.937098503112793	-0.41565191745758057	0.3111940920352936	0.04831668734550476	0.9894154074240407	4	0.010584592575959322	8	0.0	0	-0.004691598936915398	0.04294349625706673	0.9990664720535278	-7.240662824870014e-08	0.9990774989128113	-0.04294396936893463	-0.9999889731407166	-0.00020154821686446667	-0.004687267821282148
1.0828930139541626	3.978909492492676	-0.3747745752334595	0.18892532587051392	0.05672794207930565	0.8740965640028615	5	0.12590343599713846	4	0.0	0	-0.004691598936915398	0.04294349625706673	0.9990664720535278	-7.24241147054272e-08	0.999077558517456	-0.04294396936893463	-0.9999890327453613	-0.00020154824596829712	-0.004687267821282148
1.3736728429794312	4.010677337646484	-0.3747745752334595	0.19298359751701355	0.019568899646401405	0.8532138708687091	5	0.14391367109992298	4	0.002872458031367832	16	-0.004691598936915398	0.04294349625706673	0.9990664720535278	-7.240662824870014e-08	0.9990774989128113	-0.04294396936893463	-0.9999889731407166	-0.00020154821686446667	-0.004687267821282148
1.148713231086731	4.8993096351623535	0.07088226079940796	0.209814190864563	0.44060447812080383	0.9983835419463928	4	0.0016164580536072678	8	0.0	0	-0.9694191217422485	-0.24541102349758148	0.0	-0.007755558472126722	0.0306358952075243	-0.9995005130767822	0.2452884465456009	-0.9689348936080933	-0.031602323055267334
1.3736728429794312	4.010677337646484	-0.3747745752334595	0.26283007860183716	0.5553256273269653	0.8532138708687091	5	0.14391367109992298	4	0.002872458031367832	16	-0.9694191217422485	-0.24541102349758148	0.0	-0.007755558006465435	0.03063589334487915	-0.999500572681427	0.24528846144676208	-0.968934953212738	-0.031602319329977036
1.3736728429794312	4.010677337646484	0.11030706763267517	0.2008766531944275	0.553435206413269	0.8602976270123799	5	0.13964325223385876	4	5.912075376134397e-05	16	-0.9694191217422485	-0.24541102349758148	0.0	-0.007755558006465435	0.03063589334487915	-0.999500572681427	0.24528846144676208	-0.968934953212738	-0.031602319329977036
0.8844702839851379	0.0	0.1361607015132904	0.15930414199829102	0.840787947177887	0.8531504958775549	13	0.14684950412244513	11	0.0	0	-0.005341168027371168	0.99998539686203	-0.0009250330040231347	0.9961703419685364	0.005401517730206251	0.0872671827673912	0.08727090060710907	-0.00045538166887126863	-0.9961845278739929
0.5681391358375549	-0.0019922256469726562	-0.19098293781280518	0.11539267748594284	0.8787623643875122	0.5007558598508425	13	0.49924414014915747	11	0.0	0	-0.005341168027371168	0.99998539686203	-0.0009250330040231347	0.9961703419685364	0.005401517264544964	0.0872671827673912	0.08727090060710907	-0.0004553816397674382	-0.9961845278739929
0.5050463676452637	-0.0019922256469726562	0.1733165979385376	0.11141421645879745	0.8318604230880737	0.8639975543155308	13	0.13600244568446912	11	0.0	0	-0.005341168027371168	0.99998539686203	-0.0009250330040231347	0.9961703419685364	0.005401517264544964	0.0872671827673912	0.08727090060710907	-0.0004553816397674382	-0.9961845278739929
0.9536588788032532	0.2342519760131836	0.1210184395313263	0.3914002776145935	0.6422117352485657	0.8540611212287543	13	0.14593887877124564	11	0.0	0	-0.9590423703193665	0.2832624912261963	0.0	-0.016329465433955193	-0.055286701768636703	-0.9983370304107666	-0.2827914357185364	-0.9574475288391113	0.057647813111543655
0.8844702839851379	0.0	-0.13616108894348145	0.42600566148757935	0.6704148054122925	0.505309502962949	13	0.49469049703705104	11	0.0	0	-0.9590423703193665	0.2832624912261963	0.0	-0.016329463571310043	-0.055286698043346405	-0.9983369708061218	-0.282791405916214	-0.9574474692344666	0.05764780938625336
0.8844702839851379	0.0	0.1361607015132904	0.391262948513031	0.6723480224609375	0.8531504958775549	13	0.14684950412244513	11	0.0	0	-0.9590423703193665	0.2832624912261963	0.0	-0.016329463571310043	-0.05528669431805611	-0.9983369708061218	-0.282791405916214	-0.9574474692344666	0.05764780566096306
0.5050463676452637	-0.0019922256469726562	0.1733165979385376	0.046556681394577026	0.6753585338592529	0.8639975543155308	13	0.13600244568446912	11	0.0	0	0.9971760511398315	0.016616923734545708	0.07323789596557617	-0.07425098866224289	0.0719791129231453	0.9946385622024536	0.011256233789026737	-0.9972677230834961	0.0730096697807312
0.47284865379333496	0.10324382781982422	0.5878300666809082	0.1004435122013092	0.6657715439796448	0.8745556399128548	13	0.12544436008714524	11	0.0	0	0.9971760511398315	0.016616923734545708	0.07323789596557617	-0.07425098866224289	0.0719791129231453	0.9946385622024536	0.011256234720349312	-0.9972677230834961	0.0730096697807312
0.47461122274398804	-0.0019922256469726562	0.5877086520195007	0.09942460805177689	0.6791796684265137	0.8735179697700064	13	0.12648203022999366	11	0.0	0	0.9971760511398315	0.016616923734545708	0.07323789596557617	-0.07425098121166229	0.0719791054725647	0.9946385025978088	0.011256233789026737	-0.9972677826881409	0.0730096697807312
0.5666638612747192	0.23225975036621094	-0.19098293781280518	0.7944005727767944	0.6404382586479187	0.5193688600040287	11	0.4806311399959713	13	0.0	0	-0.17075318098068237	-0.001075371284969151	0.9853132367134094	-0.9850432276725769	-0.02324986644089222	-0.17073175311088562	0.023092001676559448	-0.9997290968894958	0.002910701325163245
0.8844702839851379	0.0	-0.13616108894348145	0.7546332478523254	0.6710557341575623	0.505309502962949	13	0.49469049703705104	11	0.0	0	-0.17075318098068237	-0.001075371284969151	0.9853132367134094	-0.9850432872772217	-0.02324986830353737	-0.17073176801204681	0.023092003539204597	-0.9997291564941406	0.0029107017908245325
0.8829950094223022	0.2342519760131836	-0.13616108894348145	0.7539799213409424	0.6411373019218445	0.5182699367868334	11	0.4817300632131665	13	0.0	0	-0.17075318098068237	-0.001075371284969151	0.9853132367134094	-0.9850432276725769	-0.02324986830353737	-0.17073176801204681	0.023092003539204597	-0.9997290968894958	0.002910701557993889
0.8503373265266418	0.10523605346679688	0.5066423416137695	0.3832162022590637	0.8006805181503296	0.8649835405606313	13	0.13501645943936866	11	0.0	0	-0.21025247871875763	-0.00239351624622941	-0.9776442050933838	0.008943131193518639	-0.9999598860740662	0.0005248378729447722	-0.9776062369346619	-0.008632851764559746	0.21026545763015747
0.47461122274398804	-0.0019922256469726562	0.5877086520195007	0.396663635969162	0.8488171100616455	0.8735179697700064	13	0.12648203022999366	11	0.0	0	-0.21025247871875763	-0.00239351624622941	-0.9776442050933838	0.008943130262196064	-0.9999598860740662	0.0005248381057754159	-0.9776062369346619	-0.008632850833237171	0.21026545763015747
0.47284865379333496	0.10324382781982422	0.5878300666809082	0.38321614265441895	0.848922073841095	0.8745556399128548	13	0.12544436008714524	11	0.0	0	-0.21025247871875763	-0.00239351624622941	-0.9776442050933838	0.008943130262196064	-0.9999598860740662	0.0005248381057754159	-0.9776062369346619	-0.008632850833237171	0.21026545763015747
0.503571093082428	0.23225975036621094	0.1733165979385376	0.3433220088481903	0.732039749622345	0.864941507281909	13	0.13505849271809106	11	0.0	0	-0.0596453957259655	-0.9518572092056274	-0.30068308115005493	0.15156367421150208	-0.3063625991344452	0.9397714734077454	-0.986646294593811	0.010480411350727081	0.16254009306430817
0.8503373265266418	0.10523605346679688	0.5066423416137695	0.39193862676620483	0.6958195567131042	0.8649835405606313	13	0.13501645943936866	11	0.0	0	-0.0596453957259655	-0.9518572092056274	-0.30068308115005493	0.15156367421150208	-0.3063625991344452	0.9397714734077454	-0.986646294593811	0.010480411350727081	0.16254009306430817
0.47284865379333496	0.10324382781982422	0.5878300666809082	0.3966636657714844	0.744101345539093	0.8745556399128548	13	0.12544436008714524	11	0.0	0	-0.0596453957259655	-0.9518572092056274	-0.30068308115005493	0.15156367421150208	-0.3063625991344452	0.9397714734077454	-0.986646294593811	0.010480411350727081	0.16254009306430817
0.8844702839851379	0.0	0.1361607015132904	0.391262948513031	0.6723480224609375	0.8531504958775549	13	0.14684950412244513	11	0.0	0	-0.9488841891288757	0.2696598172187805	-0.16401934623718262	0.1541873663663864	-0.057399358600378036	-0.9863730072975159	-0.275399774312973	-0.9612434506416321	0.012887207791209221
0.8503373265266418	0.10523605346679688	0.5066423416137695	0.3433220386505127	0.6616234183311462	0.8649835405606313	13	0.13501645943936866	11	0.0	0	-0.9488841891288757	0.2696598172187805	-0.16401934623718262	0.1541873663663864	-0.057399358600378036	-0.9863730072975159	-0.275399774312973	-0.9612434506416321	0.012887207791209221
